T = 365
initial_values = [6.95896e-4, 0, 0]
bateman_matrix = [-1.83163e-12, 0, 0; 1.83163e-12, -1.60035e-6, 0; 0, 1.60035e-6, -5.79764e-8]
